%YAML:1.0
---
K: !!opencv-matrix
   rows: 3
   cols: 3
   dt: d
   data: [ 320.58385895809943, 0., 330.10228464168262, 0.,
       320.29635834152185, 221.57346870133182, 0., 0., 1. ]
D: !!opencv-matrix
   rows: 1
   cols: 5
   dt: d
   data: [ -0.31668782661044381, 0.10635287957412667,
       -0.00012610950304386241, -0.00044431195609503438,
       -0.01668797535695743 ]
